-55
-46
-57
-45
-62
-62
-62
-45
-58
-57
-41
-57
-62
-71
-62
-43
-57
-55
-45
-62
-57
-62
-62
-57
-62
-57
-41
-58
-51
-56
-58
-59
-62
-42
-57
-41
-57
-42
-57
-45
-57
-56
-42
-62
-42
-62
-62
-57
-42
-58
-46
-58
-41
-62
-42
-57
-42
-57
-47
-58
-57
-45
-62
-62
-41
-62
-45
-62
-62
-45
-62
-42
-58
-58
-45
-58
-47
-58
-45
-57
-45
-62
-57
-58
-41
-56
-58
-45
-58
-57
-57
-47
-62
-42
-57
-41
-57
-43
-62
-58
-61
-51
-55
-45
-58
-45
-58
-58
-62
-45
-62
-62
-57
-41
-57
-41
-58
-47
-58
-57
-58
-62
-58
-57
-57
-57
-62
-41
-62
-62
-57
-57
-48
-56
-47
-58
-41
-59
-41
-57
-41
-58
-56
-43
-55
-42
-57
-62
-41
-62
-45
-55
-42
-56
-57
-57
-57
-45
-58
-58
-62
-45
-62
-57
-57
-57
-42
-58
-57
